acceleration_control:
  ros__parameters:
    pid:
      mass: 183.74355
      inertial:
        ixx: 129.40282176679389
        ixy: 0.2977042978835584
        ixz: -3.8920087804441299
        iyy: 403.80285284535648
        iyz: 0.87083651259505268
        izz: 448.00251831226802